020123,X ,Q,6.50,6.63,6.03,6.62,6.62,6.34,24,4879,29721.00,
030123,X ,Q,6.84,6.90,6.67,6.89,6.89,6.62,20,5565,37778.00,
040123,X ,Q,6.95,6.95,6.55,6.89,6.89,6.89,18,2939,19760.00,
050123,X ,Q,6.75,6.75,6.55,6.55,6.55,6.89,2,3286,21529.00,
060123,X ,Q,6.23,6.85,6.23,6.85,6.85,6.55,5,513,3211.00,
090123,X ,Q,7.15,7.15,6.51,7.04,7.04,6.85,8,1200,8500.00,
100123,X ,Q,7.04,7.04,6.69,6.90,6.90,7.04,9,1094,7331.00,
110123,X ,Q,7.24,7.24,6.56,6.97,6.97,6.90,21,4327,29257.00,
120123,X ,Q,6.63,6.96,6.63,6.70,6.70,6.97,16,1907,12818.00,
130123,X ,Q,6.73,6.73,6.37,6.37,6.37,6.70,12,1914,12224.00,
160123,X ,Q,6.66,6.66,6.15,6.28,6.21,6.37,29,18831,120515.00,
170123,X ,Q,6.28,6.54,5.97,6.24,5.97,6.28,17,4623,28033.00,
180123,X ,Q,5.99,6.49,5.93,5.93,5.93,6.24,15,2986,18890.00,
190123,X ,Q,5.64,6.15,5.64,5.73,5.72,5.93,35,11135,63826.00,
200123,X ,Q,5.51,6.01,5.51,6.01,6.01,5.73,19,4683,27880.00,
230123,X ,Q,6.31,6.31,5.75,6.02,6.30,6.01,35,5454,33192.00,
240123,X ,Q,6.32,6.32,6.10,6.10,6.10,6.02,31,8863,55682.00,
250123,X ,Q,6.31,6.31,5.80,5.81,5.80,6.10,18,2169,12598.00,
270123,X ,Q,6.10,6.10,5.53,5.68,5.53,5.81,16,2413,13366.00,
300123,X ,Q,5.68,5.85,5.40,5.40,5.40,5.68,26,2937,15895.00,
310123,X ,Q,5.40,5.67,5.13,5.67,5.67,5.40,12,2960,16321.00,
010223,X ,Q,5.95,5.95,5.95,5.95,5.95,5.67,7,1266,7532.00,
020223,X ,Q,6.24,6.24,5.66,6.24,6.24,5.95,10,1564,9440.00,
030223,X ,Q,6.55,6.55,6.35,6.35,6.35,6.24,20,5299,34438.00,
060223,X ,Q,6.50,6.54,6.50,6.54,6.54,6.35,10,782,5091.00,
070223,X ,Q,7.19,7.19,5.90,5.93,5.93,6.54,11,665,4170.00,
080223,X ,Q,5.36,6.52,5.36,6.52,6.52,5.93,24,2125,13624.00,
090223,X ,Q,5.88,7.17,5.87,6.60,6.60,6.52,35,2666,17286.00,
100223,X ,Q,6.76,6.76,6.01,6.60,6.60,6.60,9,301,1886.00,
130223,X ,Q,7.26,7.26,5.96,6.98,6.98,6.60,50,13588,88359.00,
140223,X ,Q,7.24,7.24,6.40,6.41,6.40,6.98,67,11568,79913.00,
150223,X ,Q,6.85,6.90,5.82,5.83,6.50,6.41,10,857,5353.00,
160223,X ,Q,5.82,6.33,5.82,6.32,6.32,5.83,5,619,3868.00,
170223,X ,Q,6.80,6.95,6.63,6.95,6.95,6.32,43,9914,68500.00,
200223,X ,Q,7.27,7.64,6.95,7.40,7.40,6.95,73,11946,88211.00,
210223,X ,Q,6.73,7.22,6.66,6.66,6.66,7.40,49,8252,55773.00,
220223,X ,Q,6.66,6.66,6.00,6.12,6.12,6.66,32,6437,40752.00,
230223,X ,Q,6.68,6.73,6.68,6.73,6.73,6.12,20,7484,50204.00,
240223,X ,Q,6.99,7.40,6.99,7.28,7.39,6.73,58,3905,28296.00,
270223,X ,Q,8.00,8.00,6.56,6.60,6.56,7.28,54,19402,130765.00,
280223,X ,Q,6.60,6.98,5.96,6.07,5.96,6.60,39,4264,26305.00,
010323,X ,Q,6.67,6.67,5.51,6.41,5.85,6.07,47,6616,39285.00,
020323,X ,Q,5.81,6.92,5.81,6.89,6.89,6.41,29,1895,12085.00,
030323,X ,Q,6.90,7.49,6.21,6.60,6.60,6.89,22,3949,25563.00,
060323,X ,Q,6.15,6.89,6.08,6.71,6.85,6.60,21,741,4722.00,
080323,X ,Q,6.67,6.67,6.10,6.62,6.62,6.71,11,5141,31529.00,
090323,X ,Q,6.04,6.98,6.04,6.31,6.10,6.62,22,1105,6821.00,
100323,X ,Q,5.72,6.66,5.72,6.37,6.59,6.31,17,3004,18908.00,
130323,X ,Q,6.01,6.50,5.75,6.00,6.00,6.37,16,2707,16136.00,
140323,X ,Q,6.00,6.00,5.40,5.86,5.86,6.00,36,8617,47948.00,
150323,X ,Q,5.48,6.22,5.33,5.34,5.34,5.86,11,490,2763.00,
160323,X ,Q,5.75,5.75,4.90,4.90,4.90,5.34,5,68,387.00,
170323,X ,Q,5.05,5.14,4.67,5.10,5.10,4.90,24,2062,10370.00,
200323,X ,Q,5.22,5.31,5.10,5.30,5.30,5.10,8,247,1302.00,
210323,X ,Q,5.56,5.56,5.05,5.32,5.56,5.30,13,1530,8485.00,
220323,X ,Q,5.58,5.58,5.30,5.58,5.58,5.32,22,953,5188.00,
230323,X ,Q,5.85,5.85,5.31,5.35,5.35,5.58,25,5341,28598.00,
240323,X ,Q,5.11,5.60,5.09,5.54,5.54,5.35,12,895,4694.00,
270323,X ,Q,5.45,5.45,5.29,5.45,5.45,5.54,11,3546,19287.00,
280323,X ,Q,5.25,5.25,5.18,5.18,5.18,5.45,5,3025,15865.00,
290323,X ,Q,5.19,5.43,5.18,5.42,5.42,5.18,15,167,893.00,
310323,X ,Q,5.68,5.68,5.15,5.42,5.42,5.42,7,1916,10005.00,
030423,X ,Q,5.55,5.55,5.15,5.53,5.53,5.42,8,1691,9162.00,
050423,X ,Q,5.45,5.80,5.27,5.78,5.80,5.53,30,8405,48437.00,
060423,X ,Q,5.70,6.06,5.70,6.06,6.06,5.78,9,1091,6463.00,
100423,X ,Q,6.36,6.36,5.77,5.78,5.78,6.06,10,770,4790.00,
110423,X ,Q,5.26,6.35,5.26,5.99,5.99,5.78,7,231,1361.00,
120423,X ,Q,5.99,6.54,5.99,5.99,5.99,5.99,14,1345,8371.00,
130423,X ,Q,5.52,6.54,5.52,6.52,6.52,5.99,15,1667,10052.00,
170423,X ,Q,7.14,7.14,5.89,6.54,6.57,6.52,34,7059,46072.00,
180423,X ,Q,6.98,6.98,6.04,6.85,6.85,6.54,5,239,1558.00,
190423,X ,Q,6.99,7.14,6.17,6.24,6.17,6.85,3,116,730.00,
200423,X ,Q,6.09,6.80,6.09,6.11,6.11,6.24,9,994,6608.00,
210423,X ,Q,6.12,6.72,6.12,6.72,6.72,6.11,16,4499,29616.00,
240423,X ,Q,7.35,7.39,6.41,7.29,7.29,6.72,42,11165,82328.00,
250423,X ,Q,6.61,7.33,6.61,7.32,7.30,7.29,40,14926,101483.00,
260423,X ,Q,7.50,7.95,6.80,7.15,7.15,7.32,35,9227,66336.00,
270423,X ,Q,6.68,7.13,6.59,6.85,6.85,7.15,33,8529,56935.00,
280423,X ,Q,6.85,6.85,6.17,6.17,6.17,6.85,31,18134,113486.00,
020523,X ,Q,6.50,6.50,5.60,5.97,5.97,6.17,23,1329,8116.00,
030523,X ,Q,5.83,6.18,5.53,6.10,6.10,5.97,19,4597,27112.00,
040523,X ,Q,6.71,6.71,5.58,5.95,5.95,6.10,26,5562,34061.00,
050523,X ,Q,6.00,6.47,5.56,5.69,5.69,5.95,33,4268,24923.00,
080523,X ,Q,5.99,6.25,5.99,6.15,6.15,5.69,20,2378,14588.00,
090523,X ,Q,6.15,6.74,6.15,6.74,6.74,6.15,15,682,4408.00,
100523,X ,Q,7.39,7.39,6.30,6.98,6.98,6.74,36,9539,67665.00,
110523,X ,Q,6.98,7.20,6.98,7.19,7.19,6.98,40,7849,55378.00,
120523,X ,Q,7.20,7.30,6.53,7.29,7.30,7.19,26,2739,19647.00,
150523,X ,Q,7.40,7.47,6.93,6.93,6.93,7.29,18,735,5229.00,
160523,X ,Q,6.60,6.60,6.59,6.59,6.59,6.93,13,843,5558.00,
170523,X ,Q,6.27,6.27,6.27,6.27,6.27,6.59,6,1015,6364.00,
180523,X ,Q,5.96,5.96,5.96,5.96,5.96,6.27,13,1793,10686.00,
190523,X ,Q,5.96,6.25,5.67,5.67,5.67,5.96,11,54,325.00,
220523,X ,Q,5.67,5.95,5.39,5.48,5.88,5.67,48,10731,60705.00,
230523,X ,Q,5.48,5.75,5.48,5.75,5.75,5.48,11,1436,7899.00,
240523,X ,Q,5.90,6.03,5.47,6.00,6.00,5.75,48,6200,36337.00,
250523,X ,Q,6.29,6.29,5.70,5.76,5.75,6.00,18,1530,8784.00,
260523,X ,Q,5.76,6.04,5.76,6.04,6.04,5.76,10,1730,10389.00,
290523,X ,Q,6.04,6.34,5.78,6.19,6.19,6.04,12,1743,10465.00,
300523,X ,Q,6.33,6.33,6.33,6.33,6.33,6.19,1,68,430.00,
310523,X ,Q,6.33,6.33,6.33,6.33,6.33,6.33,4,58,367.00,
010623,X ,Q,6.32,6.32,6.32,6.32,6.32,6.33,2,218,1377.00,
020623,X ,Q,6.10,6.10,6.01,6.04,6.04,6.32,5,504,3074.00,
050623,X ,Q,5.75,5.99,5.74,5.75,5.74,6.04,15,2367,13631.00,
060623,X ,Q,5.74,5.74,5.72,5.72,5.72,5.75,6,1042,5980.00,
070623,X ,Q,6.00,6.00,5.50,5.57,6.00,5.72,9,2153,12867.00,
080623,X ,Q,5.84,5.84,5.84,5.84,5.84,5.57,1,1,5.00,
090623,X ,Q,6.13,6.13,6.13,6.13,6.13,5.84,11,1958,12002.00,
120623,X ,Q,6.43,6.43,6.41,6.43,6.43,6.13,14,2813,18085.00,
130623,X ,Q,6.75,6.75,6.16,6.50,6.74,6.43,66,7400,48287.00,
140623,X ,Q,6.82,6.82,6.18,6.25,6.25,6.50,29,4012,26004.00,
150623,X ,Q,6.56,6.56,5.94,6.27,6.27,6.25,47,9917,59966.00,
160623,X ,Q,6.25,6.48,5.96,6.36,6.43,6.27,20,2619,16593.00,
190623,X ,Q,6.36,6.36,6.05,6.05,6.05,6.36,17,3493,21167.00,
200623,X ,Q,6.33,6.33,5.75,5.80,6.26,6.05,27,7409,43865.00,
210623,X ,Q,6.09,6.09,5.62,6.08,6.08,5.80,25,2829,16434.00,
220623,X ,Q,6.38,6.38,5.78,5.78,5.78,6.08,12,2087,12137.00,
230623,X ,Q,5.99,6.06,5.51,5.94,6.04,5.78,34,2498,14909.00,
260623,X ,Q,6.23,6.23,5.65,6.00,6.00,5.94,20,1556,8914.00,
270623,X ,Q,6.00,6.25,5.90,5.92,6.25,6.00,16,476,2822.00,
280623,X ,Q,5.63,6.20,5.63,6.18,6.18,5.92,29,6404,38225.00,
300623,X ,Q,6.48,6.48,5.88,6.18,6.18,6.18,20,2050,12280.00,
030723,X ,Q,5.90,6.25,5.90,5.90,5.90,6.18,5,311,1838.00,
040723,X ,Q,6.04,6.19,5.61,5.75,5.75,5.90,12,1938,11472.00,
050723,X ,Q,5.76,6.03,5.60,5.74,5.74,5.75,24,1386,8106.00,
060723,X ,Q,5.53,6.02,5.53,5.96,5.96,5.74,19,3596,20424.00,
070723,X ,Q,5.99,5.99,5.67,5.95,5.99,5.96,27,3104,17800.00,
100723,X ,Q,5.99,5.99,5.66,5.67,5.67,5.95,16,2528,14678.00,
110723,X ,Q,5.94,5.95,5.68,5.90,5.90,5.67,27,2881,17077.00,
120723,X ,Q,5.63,6.14,5.63,6.05,6.05,5.90,15,1059,6091.00,
130723,X ,Q,6.34,6.34,5.75,5.75,5.75,6.05,31,4343,25267.00,
140723,X ,Q,5.87,5.99,5.75,5.75,5.75,5.75,22,1970,11582.00,
170723,X ,Q,5.99,6.00,5.47,5.89,5.89,5.75,37,4061,22261.00,
180723,X ,Q,5.99,5.99,5.60,5.95,5.95,5.89,7,315,1774.00,
190723,X ,Q,5.81,5.81,5.66,5.66,5.66,5.95,10,53,304.00,
200723,X ,Q,5.66,5.94,5.38,5.57,5.57,5.66,80,59363,321290.00,
210723,X ,Q,5.79,5.79,5.38,5.40,5.40,5.57,34,13935,76008.00,
240723,X ,Q,5.40,5.59,5.13,5.43,5.20,5.40,36,2983,15531.00,
250723,X ,Q,5.56,5.57,5.20,5.54,5.54,5.43,93,13090,70323.00,
260723,X ,Q,5.56,5.56,5.27,5.27,5.27,5.54,33,3839,20301.00,
270723,X ,Q,5.39,5.39,5.01,5.28,5.28,5.27,26,2584,13057.00,
280723,X ,Q,5.28,5.38,5.02,5.35,5.35,5.28,53,7214,37863.00,
310723,X ,Q,5.60,5.61,5.09,5.13,5.10,5.35,71,7632,39176.00,
010823,X ,Q,4.89,5.28,4.89,5.06,5.04,5.13,32,1175,6091.00,
020823,X ,Q,5.25,5.31,4.81,4.98,5.19,5.06,60,26209,134253.00,
030823,X ,Q,5.18,5.18,4.91,5.16,5.16,4.98,29,4046,20362.00,
040823,X ,Q,5.16,5.24,5.00,5.13,5.17,5.16,32,2911,14797.00,
070823,X ,Q,5.19,5.33,5.00,5.02,5.02,5.13,78,31198,160927.00,
080823,X ,Q,4.78,5.16,4.78,4.93,5.15,5.02,31,2742,13767.00,
090823,X ,Q,5.09,5.17,4.87,4.96,5.05,4.93,21,3498,17828.00,
100823,X ,Q,5.16,5.20,4.95,5.19,5.20,4.96,47,5393,27755.00,
110823,X ,Q,5.44,5.44,5.07,5.34,5.39,5.19,51,25166,130550.00,
140823,X ,Q,5.60,5.60,5.12,5.13,5.13,5.34,33,1229,6494.00,
160823,X ,Q,5.34,5.35,5.11,5.35,5.35,5.13,34,5618,29917.00,
170823,X ,Q,5.60,5.60,5.09,5.17,5.20,5.35,27,3100,16354.00,
180823,X ,Q,5.37,5.41,4.93,5.40,5.40,5.17,23,4964,26519.00,
210823,X ,Q,5.67,5.67,5.13,5.16,5.13,5.40,87,14405,78997.00,
220823,X ,Q,4.91,5.40,4.91,5.36,5.40,5.16,28,3802,20333.00,
230823,X ,Q,5.62,5.62,5.12,5.40,5.40,5.36,23,522,2764.00,
240823,X ,Q,5.67,5.67,5.18,5.67,5.67,5.40,48,21081,115032.00,
250823,X ,Q,5.95,5.95,5.71,5.95,5.95,5.67,40,28075,166557.00,
280823,X ,Q,6.24,6.24,5.66,6.07,6.07,5.95,125,48793,297320.00,
290823,X ,Q,6.07,6.37,6.07,6.15,6.15,6.07,105,38213,239226.00,
300823,X ,Q,6.42,6.42,5.85,5.96,6.07,6.15,59,10356,61922.00,
310823,X ,Q,5.96,6.09,5.83,6.04,6.09,5.96,58,12733,76374.00,
010923,X ,Q,6.00,6.33,5.86,6.18,6.24,6.04,61,14264,88208.00,
040923,X ,Q,6.29,6.46,6.06,6.43,6.43,6.18,115,54960,353008.00,
050923,X ,Q,6.70,6.75,6.35,6.63,6.36,6.43,86,32088,213578.00,
060923,X ,Q,6.95,6.95,6.45,6.72,6.72,6.63,43,7633,50662.00,
070923,X ,Q,6.87,6.89,6.39,6.39,6.39,6.72,51,34718,225402.00,
080923,X ,Q,6.64,6.64,6.08,6.25,6.25,6.39,64,23430,147506.00,
110923,X ,Q,6.10,6.30,5.98,6.08,6.00,6.25,49,11746,71415.00,
120923,X ,Q,6.30,6.30,5.87,6.21,6.21,6.08,18,2693,16344.00,
130923,X ,Q,6.40,6.40,6.26,6.26,6.26,6.21,10,215,1374.00,
140923,X ,Q,6.43,6.55,6.09,6.53,6.53,6.26,36,11474,73353.00,
150923,X ,Q,6.40,6.82,6.37,6.41,6.40,6.53,35,4319,28602.00,
180923,X ,Q,6.68,6.68,6.16,6.21,6.16,6.41,50,4531,28354.00,
200923,X ,Q,6.33,6.48,6.00,6.27,6.27,6.21,30,2390,14574.00,
210923,X ,Q,6.46,6.46,6.03,6.13,6.03,6.27,21,1332,8211.00,
220923,X ,Q,6.38,6.39,6.05,6.29,6.29,6.13,15,1248,7905.00,
250923,X ,Q,6.04,6.48,5.98,5.99,5.98,6.29,55,21614,131157.00,
260923,X ,Q,6.23,6.23,5.70,5.86,5.86,5.99,36,15805,91282.00,
270923,X ,Q,5.98,6.09,5.70,5.94,5.94,5.86,44,4172,24886.00,
280923,X ,Q,6.14,6.14,5.72,6.04,6.04,5.94,21,504,2983.00,
290923,X ,Q,5.78,6.04,5.78,5.96,5.96,6.04,20,1633,9532.00,
031023,X ,Q,5.96,6.25,5.87,6.25,6.25,5.96,73,21936,136172.00,
041023,X ,Q,6.25,6.56,5.95,6.11,6.20,6.25,66,19809,122020.00,
051023,X ,Q,6.24,6.25,5.95,6.17,6.22,6.11,68,2156,13329.00,
061023,X ,Q,6.26,6.27,5.92,6.19,6.23,6.17,53,6668,40475.00,
091023,X ,Q,6.29,6.49,5.97,6.44,6.46,6.19,59,6093,38498.00,
101023,X ,Q,6.75,6.75,6.25,6.29,6.29,6.44,33,1473,9606.00,
111023,X ,Q,6.59,6.60,6.20,6.52,6.60,6.29,88,33903,220477.00,
121023,X ,Q,6.60,6.84,6.32,6.54,6.55,6.52,49,6450,41983.00,
131023,X ,Q,6.75,6.75,6.27,6.28,6.28,6.54,37,4775,30717.00,
161023,X ,Q,6.53,6.53,6.01,6.26,6.26,6.28,46,10261,63300.00,
171023,X ,Q,6.40,6.40,6.03,6.18,6.32,6.26,33,1979,12250.00,
181023,X ,Q,6.30,6.38,6.00,6.01,6.01,6.18,40,8911,53951.00,
191023,X ,Q,6.05,6.25,6.05,6.19,6.19,6.01,43,5698,34927.00,
201023,X ,Q,6.25,6.25,6.06,6.17,6.17,6.19,30,6646,41067.00,
231023,X ,Q,6.24,6.47,6.10,6.23,6.23,6.17,58,18427,114673.00,
251023,X ,Q,6.54,6.54,6.23,6.51,6.23,6.23,42,18007,115424.00,
261023,X ,Q,6.50,6.83,6.26,6.83,6.83,6.51,65,58127,395555.00,
271023,X ,Q,6.83,7.11,6.49,6.50,6.70,6.83,90,19410,128093.00,
301023,X ,Q,6.31,6.82,6.19,6.71,6.50,6.50,58,25800,169163.00,
311023,X ,Q,6.51,7.00,6.46,6.97,6.97,6.71,20,2338,15849.00,
011123,X ,Q,7.29,7.29,6.71,7.00,7.00,6.97,41,10094,70306.00,
021123,X ,Q,7.34,7.35,7.00,7.34,7.34,7.00,39,4859,35049.00,
031123,X ,Q,7.11,7.70,7.11,7.39,7.54,7.34,44,15213,113103.00,
061123,X ,Q,7.73,7.73,7.03,7.32,7.32,7.39,141,32194,237207.00,
071123,X ,Q,7.47,7.47,7.05,7.08,7.08,7.32,54,19006,135877.00,
081123,X ,Q,7.43,7.43,6.83,7.05,6.83,7.08,71,9364,68801.00,
091123,X ,Q,7.19,7.40,6.85,7.37,7.37,7.05,45,16807,118023.00,
101123,X ,Q,7.52,7.72,7.01,7.07,7.07,7.37,75,15038,107895.00,
121123,X ,Q,7.10,7.42,7.10,7.42,7.42,7.07,18,3410,25247.00,
131123,X ,Q,7.57,7.79,7.10,7.14,7.22,7.42,106,29076,212830.00,
151123,X ,Q,7.28,7.28,7.00,7.26,7.26,7.14,95,14397,102421.00,
161123,X ,Q,7.39,7.39,7.00,7.05,7.00,7.26,88,11777,84427.00,
171123,X ,Q,7.19,7.40,7.05,7.32,7.32,7.05,72,10245,74922.00,
201123,X ,Q,7.68,7.68,7.18,7.43,7.65,7.32,93,8947,66341.00,
211123,X ,Q,7.79,7.79,7.43,7.53,7.43,7.43,52,6896,52821.00,
221123,X ,Q,7.88,7.90,7.51,7.88,7.88,7.53,58,25037,196244.00,
231123,X ,Q,8.25,8.27,8.01,8.27,8.27,7.88,64,10001,82433.00,
241123,X ,Q,8.28,8.28,8.02,8.15,8.15,8.27,49,9636,78354.00,
281123,X ,Q,8.07,8.07,7.75,7.80,7.80,8.15,92,24129,191819.00,
291123,X ,Q,7.46,8.07,7.46,7.94,7.94,7.80,42,4255,32459.00,
301123,X ,Q,7.94,7.94,7.55,7.55,7.55,7.94,61,10244,77970.00,
011223,X ,Q,7.55,7.83,7.29,7.44,7.82,7.55,70,5078,37957.00,
041223,X ,Q,7.50,7.80,7.32,7.66,7.40,7.44,67,5934,45855.00,
051223,X ,Q,7.99,7.99,7.44,7.44,7.44,7.66,51,2877,21654.00,
061223,X ,Q,7.45,7.75,7.22,7.69,7.69,7.44,68,6778,50345.00,
071223,X ,Q,7.81,7.81,7.44,7.73,7.78,7.69,101,16134,122356.00,
081223,X ,Q,7.98,7.98,7.43,7.50,7.50,7.73,90,10978,84037.00,
111223,X ,Q,7.85,7.85,7.60,7.64,7.73,7.50,116,14707,113857.00,
121223,X ,Q,7.40,8.02,7.40,7.98,8.01,7.64,83,17044,135257.00,
131223,X ,Q,8.01,8.37,8.01,8.37,8.37,7.98,65,16733,138824.00,
141223,X ,Q,8.37,8.78,8.37,8.78,8.78,8.37,75,25264,220462.00,
151223,X ,Q,9.21,9.21,8.78,9.21,9.21,8.78,55,8601,78743.00,
181223,X ,Q,9.40,9.67,9.39,9.43,9.42,9.21,118,24705,237341.00,
191223,X ,Q,9.86,9.90,8.96,9.02,9.19,9.43,72,15567,145890.00,
201223,XT,Q,8.60,9.00,8.57,8.57,8.57,9.02,21,3643,31225.00,
211223,XT,Q,8.57,8.57,8.15,8.15,8.15,8.57,19,1761,14405.00,
221223,XT,Q,7.99,7.99,7.75,7.77,7.77,8.15,20,6572,51143.00,
261223,XT,Q,7.58,8.15,7.40,8.15,8.15,7.77,14,787,6093.00,
271223,XT,Q,8.55,8.55,7.76,8.00,8.00,8.15,24,4681,38074.00,
281223,XT,Q,7.60,8.40,7.60,7.64,7.64,8.00,15,4818,37422.00,
291223,XT,Q,7.26,8.02,7.26,7.91,7.50,7.64,15,3616,27094.00,
010124,XT,Q,7.53,7.55,7.53,7.53,7.53,7.91,14,2121,15975.00,
020124,XT,Q,7.16,7.90,7.16,7.16,7.16,7.53,4,3037,22494.00,
030124,XT,Q,6.81,6.90,6.81,6.81,6.81,7.16,15,5600,38201.00,
040124,XT,Q,6.50,7.00,6.50,6.90,6.90,6.81,10,2910,19094.00,
050124,XT,Q,6.60,6.65,6.60,6.61,6.61,6.90,8,1466,9680.00,
080124,XT,Q,6.61,6.61,6.28,6.50,6.28,6.61,17,5350,35266.00,
090124,XT,Q,6.40,6.50,6.18,6.50,6.50,6.50,15,10210,63768.00,
100124,XT,Q,6.21,6.25,6.21,6.21,6.21,6.50,3,1022,6370.00,
110124,XT,Q,6.21,6.21,6.05,6.10,6.10,6.21,7,552,3392.00,
120124,XT,Q,6.10,6.10,5.80,6.00,6.00,6.10,14,3623,21381.00,
150124,XT,Q,5.70,5.83,5.70,5.83,5.83,6.00,5,1127,6477.00,
160124,XT,Q,5.82,5.82,5.81,5.81,5.81,5.83,3,2045,11881.00,
170124,XT,Q,5.52,6.10,5.52,5.66,5.66,5.81,9,575,3421.00,
180124,XT,Q,5.94,5.94,5.94,5.94,5.94,5.66,1,2,11.00,
190124,XT,Q,5.94,5.94,5.65,5.65,5.65,5.94,2,12,70.00,
200124,XT,Q,5.93,5.93,5.93,5.93,5.93,5.65,2,498,2953.00,
230124,XT,Q,6.22,6.22,6.22,6.22,6.22,5.93,1,9,55.00,
240124,XT,Q,6.53,6.53,6.53,6.53,6.53,6.22,6,1073,7006.00,
250124,XT,Q,6.85,6.85,6.85,6.85,6.85,6.53,2,535,3664.00,
290124,XT,Q,6.85,7.19,6.85,7.19,7.19,6.85,6,564,4000.00,
300124,XT,Q,6.84,7.54,6.84,7.54,7.54,7.19,18,2959,22294.00,
310124,XT,Q,7.54,7.91,7.54,7.91,7.91,7.54,7,354,2799.00,
010224,XT,Q,7.76,7.76,7.52,7.52,7.52,7.91,2,52,391.00,
020224,XT,Q,7.15,7.15,7.15,7.15,7.15,7.52,9,418,2988.00,
050224,XT,Q,6.80,6.80,6.80,6.80,6.80,7.15,10,356,2420.00,
060224,XT,Q,6.46,6.47,6.46,6.46,6.46,6.80,13,1052,6795.00,
070224,XT,Q,6.14,6.78,6.14,6.78,6.78,6.46,7,645,4305.00,
080224,XT,Q,6.79,7.11,6.79,7.11,7.11,6.78,4,741,5232.00,
090224,XT,Q,7.11,7.11,7.11,7.11,7.11,7.11,1,20,142.00,
120224,XT,Q,6.76,6.76,6.76,6.76,6.76,7.11,2,555,3751.00,
130224,XT,Q,6.76,6.76,6.43,6.50,6.50,6.76,4,53,342.00,
140224,XT,Q,6.82,6.82,6.50,6.82,6.82,6.50,7,590,4022.00,
150224,XT,Q,7.16,7.16,6.83,6.83,6.83,6.82,2,200,1406.00,
160224,XT,Q,7.17,7.17,7.17,7.17,7.17,6.83,4,565,4051.00,
190224,XT,Q,7.52,7.52,7.37,7.40,7.40,7.17,5,55,405.00,
200224,XT,Q,7.70,7.77,7.70,7.77,7.77,7.40,12,1943,15031.00,
210224,XT,Q,8.15,8.15,7.95,8.15,8.15,7.77,27,7040,57338.00,
220224,XT,Q,8.55,8.55,8.55,8.55,8.55,8.15,7,2343,20032.00,
230224,XT,Q,8.97,8.97,8.97,8.97,8.97,8.55,8,6027,54062.00,
260224,XT,Q,9.41,9.41,9.41,9.41,9.41,8.97,15,9209,86656.00,
270224,XT,Q,9.88,9.88,9.23,9.69,9.80,9.41,74,57260,565302.00,
280224,XT,Q,10.17,10.17,9.23,9.71,9.90,9.69,56,63709,617298.00,
290224,XT,Q,10.05,10.05,9.23,9.65,9.63,9.71,29,28278,269260.00,
010324,XT,Q,10.05,10.13,9.17,9.85,9.85,9.65,36,47090,474419.00,
020324,XT,Q,10.33,10.34,10.33,10.34,10.34,9.85,7,1501,15515.00,
040324,XT,Q,10.80,10.85,9.85,9.85,9.85,10.34,32,6492,64964.00,
110324,XT,Q,9.80,9.85,9.75,9.75,9.75,9.85,8,4015,39361.00,
180324,XT,Q,9.50,9.75,9.50,9.50,9.50,9.75,15,6409,61532.00,
260324,XT,Q,9.03,9.03,9.03,9.03,9.03,9.50,6,485,4379.00,
010424,XT,Q,9.03,9.03,9.03,9.03,9.03,9.03,7,3400,30702.00,
080424,XT,Q,8.75,8.75,8.75,8.75,8.75,9.03,1,3,26.00,
090424,XT,Q,8.75,8.75,8.35,8.50,8.50,8.75,4,380,3259.00,
160424,XT,Q,8.15,8.15,8.10,8.10,8.10,8.50,3,128,1038.00,
220424,XT,Q,7.70,7.75,7.70,7.70,7.70,8.10,4,2031,15640.00,
230424,XT,Q,7.70,7.70,7.32,7.32,7.32,7.70,9,1488,10968.00,
240424,XT,Q,7.01,7.01,6.96,6.96,6.96,7.32,7,4430,31035.00,
250424,XT,Q,6.96,7.30,6.86,6.86,6.86,6.96,17,27522,200481.00,
260424,XT,Q,6.53,7.20,6.53,7.20,7.20,6.86,6,1189,7840.00,
290424,XT,Q,7.20,7.35,6.85,6.85,6.85,7.20,7,2338,16069.00,
300424,XT,Q,7.19,7.19,6.55,6.66,6.55,6.85,4,501,3596.00,
020524,XT,Q,6.68,6.68,6.68,6.68,6.68,6.66,1,100,668.00,
030524,XT,Q,6.68,6.68,6.68,6.68,6.68,6.68,1,200,1336.00,
080524,XT,Q,6.87,6.87,6.70,6.70,6.70,6.68,2,51,348.00,
100524,XT,Q,7.03,7.03,7.03,7.03,7.03,6.70,5,463,3254.00,
130524,X ,Q,7.38,7.38,7.38,7.38,7.38,7.03,8,782,5771.00,
140524,X ,Q,7.74,7.74,7.74,7.74,7.74,7.38,16,6743,52190.00,
150524,X ,Q,8.12,8.12,8.12,8.12,8.12,7.74,16,5997,48695.00,
160524,X ,Q,8.52,8.52,8.52,8.52,8.52,8.12,4,241,2053.00,
170524,X ,Q,8.70,8.94,8.70,8.94,8.94,8.52,9,479,4276.00,
180524,X ,Q,9.38,9.38,9.38,9.38,9.38,8.94,5,1248,11706.00,
210524,X ,Q,9.84,9.84,8.95,9.84,9.84,9.38,80,22151,215623.00,
220524,X ,Q,10.04,10.33,9.45,10.33,10.33,9.84,74,16866,173654.00,
230524,XT,Q,10.83,10.83,10.02,10.02,10.02,10.33,13,5856,62010.00,
240524,XT,Q,9.82,10.01,9.52,9.52,9.52,10.02,10,1121,10728.00,
270524,XT,Q,9.50,9.52,9.05,9.05,9.05,9.52,5,755,7128.00,
280524,XT,Q,8.60,8.71,8.60,8.71,8.70,9.05,24,4814,41439.00,
290524,XT,Q,8.71,8.71,8.28,8.28,8.28,8.71,4,881,7335.00,
300524,XT,Q,8.11,8.11,7.87,7.87,7.87,8.28,12,753,5933.00,
310524,XT,Q,7.51,8.24,7.48,8.22,8.24,7.87,13,634,4868.00,
030624,XT,Q,8.31,8.63,8.24,8.63,8.63,8.22,7,484,4012.00,
040624,XT,Q,9.06,9.06,9.06,9.06,9.06,8.63,1,1,9.00,
050624,XT,Q,9.50,9.51,9.49,9.51,9.51,9.06,10,8000,76048.00,
060624,XT,Q,9.49,9.98,9.04,9.04,9.04,9.51,9,16829,157535.00,
070624,XT,Q,9.00,9.00,8.61,8.61,8.61,9.04,11,21024,189011.00,
100624,XT,Q,8.60,8.61,8.18,8.18,8.18,8.61,5,1967,16695.00,
110624,XT,Q,8.10,8.11,8.10,8.11,8.11,8.18,2,878,7111.00,
120624,XT,Q,7.95,7.95,7.95,7.95,7.95,8.11,3,103,818.00,
130624,XT,Q,8.03,8.03,8.03,8.03,8.03,7.95,1,10,80.00,
140624,XT,Q,8.43,8.43,8.43,8.43,8.43,8.03,1,4,33.00,
180624,XT,Q,8.43,8.43,8.02,8.02,8.02,8.43,5,543,4359.00,
190624,XT,Q,7.83,8.42,7.83,8.42,8.42,8.02,6,342,2697.00,
200624,XT,Q,8.42,8.42,8.42,8.42,8.42,8.42,3,710,5978.00,
210624,XT,Q,8.42,8.84,8.42,8.84,8.84,8.42,5,2347,20673.00,
240624,XT,Q,8.84,8.84,8.84,8.84,8.84,8.84,2,5670,50122.00,
250624,XT,Q,8.66,8.66,8.51,8.51,8.51,8.84,3,14,120.00,260624,XT,Q,8.11,8.11,8.10,8.10,8.10,8.51,6,177,1433.00,
270624,XT,Q,7.80,8.50,7.80,8.50,8.50,8.10,14,10228,84802.00,
010724,XT,Q,8.08,8.08,8.08,8.08,8.08,8.50,5,368,2973.00
020724,XT,Q,7.71,7.71,7.70,7.70,7.70,8.08,11,2000,15400.00
030724,XT,Q,7.55,7.70,7.40,7.40,7.40,7.70,4,558,4142.00
040724,XT,Q,7.26,7.75,7.03,7.75,7.75,7.40,12,1296,9448.00
050724,XT,Q,7.70,7.70,7.70,7.70,7.70,7.75,1,56,431.00
